Id,SalePrice
1461,-0.72034925
1462,-0.36938098
1463,0.015562953
1464,0.066070855
1465,0.23439853
1466,-0.11299451
1467,-0.16221634
1468,-0.14137648
1469,-0.010524174
1470,-0.73513013
1471,0.23077746
1472,-1.0493214
1473,-0.9929088
1474,-0.30796197
1475,-0.59913653
1476,3.237737
1477,0.95645523
1478,1.662733
1479,0.62788105
1480,3.9218163
1481,1.725254
1482,0.2868203
1483,-0.11766418
1484,-0.14569874
1485,-0.038055316
1486,0.21311556
1487,2.131691
1488,0.5792848
1489,0.43093422
1490,0.3806609
1491,0.033115942
1492,-1.1594
1493,0.11702683
1494,1.3767103
1495,1.4074831
1496,0.85969335
1497,0.1930016
1498,-0.24294405
1499,-0.2249336
1500,-0.3442577
1501,-0.0013530303
1502,-0.18273927
1503,1.628385
1504,0.6609098
1505,0.5133596
1506,0.08138295
1507,0.56322175
1508,0.39046288
1509,-0.18925548
1510,-0.44438398
1511,-0.4653371
1512,-0.044947777
1513,-0.35118723
1514,-0.23247337
1515,0.065968305
1516,-0.24330832
1517,-0.40167096
1518,-0.7231786
1519,0.47702745
1520,-0.575232
1521,-0.51363206
1522,-0.120179914
1523,-0.869703
1524,-0.76761764
1525,-0.6980665
1526,-0.7262755
1527,-0.9637911
1528,-0.72247195
1529,-0.4064341
1530,-0.20052955
1531,-0.8492922
1532,-0.9338339
1533,-0.50054425
1534,-0.77881485
1535,-0.15198368
1536,-0.74473476
1537,-1.3969703
1538,0.04672917
1539,-0.13345017
1540,-1.0897812
1541,-0.41301918
1542,-0.41233692
1543,0.47294575
1544,-1.2721328
1545,-0.9122898
1546,-0.7036869
1547,-0.44583458
1548,-0.57061327
1549,-0.7786154
1550,-0.4636692
1551,-0.8757338
1552,-0.53897667
1553,-0.62497634
1554,-0.835286
1555,-0.16577387
1556,-1.1164871
1557,-0.75655615
1558,-1.0898494
1559,-1.1394556
1560,-0.5175518
1561,-0.5782486
1562,-0.654537
1563,-0.7121725
1564,-0.3127512
1565,-0.3412225
1566,0.49681175
1567,-1.3765097
1568,0.87433845
1569,-0.55079544
1570,-0.59533906
1571,-0.62414074
1572,-0.3215095
1573,0.8013222
1574,-0.8938029
1575,0.37634453
1576,0.6529354
1577,0.34810743
1578,-0.4269148
1579,-0.5089879
1580,0.04022922
1581,-0.45443824
1582,-0.68796563
1583,2.1025698
1584,0.72446704
1585,-0.49076587
1586,-1.3599324
1587,-1.0157897
1588,-0.33343267
1589,-0.99117345
1590,-0.64182013
1591,-0.9742217
1592,-0.72048914
1593,-0.684964
1594,-0.60669476
1595,-0.91340375
1596,0.9381349
1597,-0.012129671
1598,0.30341053
1599,0.29437172
1600,0.09359225
1601,-1.2667254
1602,-0.80250615
1603,-1.0936428
1604,1.0939723
1605,0.7033755
1606,-0.225579
1607,-0.28857458
1608,0.4672474
1609,0.27616015
1610,-0.27249795
1611,-0.5331231
1612,-0.2650722
1613,-0.36624414
1614,-0.7636003
1615,-1.18048
1616,-1.3139768
1617,-1.1589438
1618,-0.6865805
1619,-0.55499727
1620,-0.29758298
1621,-0.5790018
1622,-0.3712715
1623,1.4550823
1624,0.61625654
1625,-0.6459656
1626,-0.15589312
1627,0.04637783
1628,1.1193494
1629,0.002714248
1630,2.3281307
1631,0.52261317
1632,0.8214854
1633,-0.07702643
1634,-0.0061183623
1635,-0.04107129
1636,-0.30787486
1637,-0.11599598
1638,0.37438893
1639,0.043013245
1640,0.79045236
1641,-0.014492674
1642,0.5773977
1643,0.5244169
1644,0.60507804
1645,-0.0662374
1646,-0.3676621
1647,-0.2806578
1648,-0.6049026
1649,-0.55291146
1650,-0.79266536
1651,-0.77513295
1652,-1.0539175
1653,-1.0642728
1654,-0.3488552
1655,-0.3599988
1656,-0.37298587
1657,-0.31555137
1658,-0.37703982
1659,-0.48417792
1660,-0.36545977
1661,3.8630116
1662,2.9966376
1663,2.384371
1664,3.755757
1665,1.5919793
1666,1.7587042
1667,2.3265185
1668,1.9031764
1669,1.4888494
1670,1.9421271
1671,1.0234908
1672,3.7039752
1673,1.2959809
1674,0.8380952
1675,0.06827906
1676,0.1324455
1677,0.4911105
1678,3.3689213
1679,2.456578
1680,1.8873435
1681,1.0160599
1682,1.3433503
1683,0.032365546
1684,-0.12970665
1685,-0.059724845
1686,-0.14717226
1687,-0.10865727
1688,-0.03504689
1689,0.030136175
1690,0.07066015
1691,-0.038534097
1692,1.1393384
1693,-0.046365537
1694,0.031309538
1695,-0.14231732
1696,1.2873719
1697,-0.08448645
1698,2.5112765
1699,2.0316017
1700,1.010682
1701,1.0072767
1702,0.7597553
1703,0.8318761
1704,1.5205847
1705,0.7735752
1706,3.3406446
1707,0.59997654
1708,0.4484542
1709,1.1960324
1710,0.60648465
1711,1.0240867
1712,0.637422
1713,0.8822775
1714,0.4952028
1715,0.2918316
1716,-0.025511157
1717,-0.22166988
1718,-0.633055
1719,0.27357912
1720,1.1124755
1721,-0.18647434
1722,-0.7262102
1723,-0.31129137
1724,0.43668318
1725,0.6097025
1726,0.03877553
1727,-0.18535152
1728,-0.02011465
1729,-0.20638676
1730,-0.17133236
1731,-0.73896873
1732,-0.603988
1733,-0.7046813
1734,-0.73243046
1735,-0.5390434
1736,-0.7967256
1737,1.9951379
1738,0.3904618
1739,1.0943476
1740,0.4134715
1741,0.250958
1742,-0.026883576
1743,-0.12691896
1744,1.4660485
1745,0.6287609
1746,0.6834771
1747,0.49402982
1748,0.2653628
1749,-0.29654112
1750,-0.6018723
1751,0.5698655
1752,-0.7149127
1753,-0.56022865
1754,0.29474947
1755,-0.114419244
1756,-0.62696314
1757,-0.7221952
1758,-0.40632635
1759,-0.18772167
1760,-0.27448317
1761,-0.49577826
1762,-0.12923186
1763,-0.07722878
1764,-0.7781384
1765,-0.21459612
1766,-0.087188974
1767,0.25264683
1768,-0.46930766
1769,-0.33569625
1770,-0.5400184
1771,-0.57146126
1772,-0.48139137
1773,-0.6012332
1774,-0.7046209
1775,-0.5328645
1776,-0.69175476
1777,-0.7562
1778,-0.56762195
1779,-0.81418884
1780,0.007126765
1781,-0.55373365
1782,-1.0011883
1783,-0.7021626
1784,-1.0414721
1785,-0.6914241
1786,-0.4919503
1787,-0.06840993
1788,-1.5240536
1789,-1.0164206
1790,-1.0869143
1791,-0.0065085134
1792,-0.38031188
1793,-0.62769336
1794,-0.41044757
1795,-0.585653
1796,-0.66471434
1797,-0.82656735
1798,-0.668139
1799,-0.7556192
1800,-0.63417757
1801,-0.71077996
1802,-0.444852
1803,-0.3536931
1804,-0.47073928
1805,-0.5392743
1806,-0.75911325
1807,-0.6343755
1808,-0.80589545
1809,-0.74411553
1810,-0.4098007
1811,-0.9176325
1812,-0.84047216
1813,-0.7501507
1814,-1.0815545
1815,-1.545753
1816,-1.0592678
1817,-0.8710505
1818,-0.5439484
1819,-0.8096203
1820,-1.34313
1821,-0.8534429
1822,-0.21379784
1823,-1.7374223
1824,-0.533668
1825,-0.6126899
1826,-0.9580322
1827,-0.99561656
1828,-0.5052762
1829,-0.85265225
1830,-0.43044686
1831,-0.45895857
1832,-1.0916828
1833,-0.5960265
1834,-0.73955256
1835,-0.4310771
1836,-0.6056998
1837,-1.0552906
1838,-0.58884674
1839,-1.2709756
1840,-0.16354562
1841,-0.4056913
1842,-1.249583
1843,-0.58762866
1844,-0.4964955
1845,-0.47973147
1846,-0.3357578
1847,-0.26106963
1848,-1.564029
1849,-0.7932578
1850,-0.6735111
1851,-0.32539594
1852,-0.5894575
1853,-0.61888075
1854,-0.045857903
1855,-0.43835914
1856,0.48019135
1857,-0.22040173
1858,-0.5899001
1859,-0.7216101
1860,-0.42636064
1861,-0.7216101
1862,1.0538095
1863,0.99282324
1864,0.99282324
1865,1.9686142
1866,1.8644794
1867,0.78176844
1868,1.5763763
1869,0.23611744
1870,0.77474856
1871,0.86736304
1872,-0.10926837
1873,0.73505604
1874,-0.5050202
1875,0.27006808
1876,0.09180727
1877,0.37799013
1878,0.3211118
1879,-0.53954893
1880,-0.5618179
1881,0.63591087
1882,0.8254675
1883,0.23570172
1884,0.3034217
1885,1.1389331
1886,1.6281629
1887,0.21140078
1888,1.1802089
1889,-0.21595861
1890,-0.62729216
1891,-0.4313965
1892,-0.96449625
1893,-0.49331662
1894,-0.7527638
1895,-0.46271357
1896,-0.68611324
1897,-0.8191993
1898,-0.9509283
1899,-0.3710975
1900,-0.21907365
1901,-0.17599984
1902,-0.5639658
1903,0.30462843
1904,-0.39252874
1905,0.1431223
1906,-0.21478863
1907,0.3190517
1908,-0.70343417
1909,-0.40722665
1910,-0.62280935
1911,0.29068872
1912,1.3620061
1913,-0.5271273
1914,-1.3347495
1915,1.7618525
1916,-1.3029166
1917,0.8641016
1918,-0.59529763
1919,-0.24207923
1920,-0.4777826
1921,2.827291
1922,1.7888324
1923,0.40485543
1924,0.7997243
1925,0.49952224
1926,2.4392414
1927,-0.5351119
1928,-0.28135347
1929,-0.6661934
1930,-0.56633395
1931,-0.57457656
1932,-0.6016694
1933,-0.055869337
1934,-0.05000135
1935,-0.11817181
1936,0.095074624
1937,0.025660094
1938,-0.088741675
1939,1.0182911
1940,0.25451428
1941,-0.1366987
1942,0.11362053
1943,0.25756913
1944,1.8433217
1945,2.5619504
1946,-0.1596272
1947,1.78042
1948,-0.22077608
1949,1.0244894
1950,-0.032546867
1951,1.1224337
1952,0.9356193
1953,-0.21966894
1954,0.03240518
1955,-0.64473283
1956,1.1782877
1957,-0.30340695
1958,1.6151811
1959,-0.5898422
1960,-0.78406125
1961,-0.775956
1962,-1.0355874
1963,-0.92058617
1964,-0.8962353
1965,-0.4071274
1966,-0.38574168
1967,1.666131
1968,2.9712524
1969,2.6272256
1970,3.693937
1971,3.9657857
1972,2.2871897
1973,0.9969433
1974,1.7139763
1975,3.5147872
1976,1.1458153
1977,2.375092
1978,2.4918742
1979,1.908452
1980,0.13558906
1981,1.9732842
1982,0.78472525
1983,0.5272939
1984,-0.1626656
1985,0.27042368
1986,0.2676016
1987,-0.025986353
1988,-0.04072253
1989,0.038445354
1990,0.5055876
1991,0.8264826
1992,0.3809877
1993,-0.15971847
1994,0.795876
1995,-0.055416
1996,0.43717566
1997,1.7564209
1998,1.8706294
1999,1.0477774
2000,1.6167947
2001,1.0246361
2002,0.55758274
2003,0.6864519
2004,0.9469948
2005,0.7218033
2006,0.617149
2007,0.7583993
2008,0.44019532
2009,0.17638007
2010,0.0121067725
2011,-0.51517427
2012,-0.06798552
2013,0.030222926
2014,0.024536993
2015,0.1901657
2016,0.11934348
2017,0.28295124
2018,-0.70889133
2019,-0.58711463
2020,-0.7376066
2021,-0.8155351
2022,-0.08061106
2023,-0.54620165
2024,0.303372
2025,2.7455928
2026,-0.03580517
2027,-0.39650604
2028,-0.40556657
2029,-0.02999447
2030,1.1521802
2031,1.1161424
2032,1.2622488
2033,0.95813847
2034,-0.198069
2035,0.39836964
2036,0.043996736
2037,0.18175766
2038,1.753079
2039,0.5136486
2040,2.732638
2041,1.2449808
2042,0.30627346
2043,-0.15347463
2044,-0.11166372
2045,0.4796122
2046,-0.62940717
2047,-0.40576747
2048,-0.55279696
2049,-0.6594432
2050,-0.04270616
2051,-0.9035213
2052,-0.6388203
2053,-0.41874507
2054,-1.149103
2055,-0.300496
2056,-0.5629428
2057,-0.68603355
2058,0.6993675
2059,-0.7222835
2060,-0.036176633
2061,-0.11348511
2062,-0.55675066
2063,-0.79771996
2064,-0.5311952
2065,-0.6302971
2066,-0.07564208
2067,-0.76950866
2068,-0.6829928
2069,-1.197247
2070,-0.88822407
2071,-1.1749352
2072,-0.62298644
2073,-0.5231769
2074,0.0029810972
2075,-0.45919517
2076,-0.67840314
2077,-0.37768048
2078,-0.6596084
2079,-0.80952626
2080,-0.75905627
2081,-0.73531455
2082,-0.6575971
2083,-0.5258867
2084,-0.8575093
2085,-0.69717985
2086,-0.78871965
2087,-0.8474067
2088,-1.0258623
2089,-1.2373745
2090,-0.607492
2091,-0.73874164
2092,-0.57582986
2093,-0.647244
2094,-0.48032954
2095,-0.41118366
2096,-1.2396891
2097,-1.0124012
2098,-0.49088138
2099,-1.4557532
2100,-1.108018
2101,-0.7016008
2102,-0.70193225
2103,-0.94644874
2104,-0.6024108
2105,-0.68120825
2106,-1.344397
2107,0.5752174
2108,-0.74366766
2109,-0.86084706
2110,-0.67540705
2111,-0.39814734
2112,-0.55422246
2113,-0.6833286
2114,-0.90113
2115,-0.2940941
2116,-0.8518105
2117,-0.3482851
2118,-0.7578257
2119,-0.9429671
2120,-0.8767741
2121,-0.8713883
2122,-0.93703645
2123,-1.2166357
2124,-0.21482265
2125,-0.6888169
2126,-0.23143509
2127,-0.17985195
2128,-0.7182257
2129,-0.9157426
2130,-0.59268993
2131,-0.19410703
2132,-0.80409944
2133,-0.77918655
2134,-0.7496614
2135,-0.8700186
2136,-1.2784129
2137,-0.9008047
2138,-0.54414177
2139,-0.40186262
2140,-0.49475396
2141,-0.46089965
2142,-0.5268854
2143,-0.50439394
2144,-0.6601336
2145,-0.5635659
2146,-0.28356624
2147,-0.4644619
2148,-0.71659696
2149,-0.43023115
2150,0.6646827
2151,-0.6646397
2152,-0.025139181
2153,-0.16889274
2154,-0.815036
2155,-0.62775487
2156,0.56745154
2157,0.8220688
2158,0.7623243
2159,0.463492
2160,-0.15116043
2161,0.79943866
2162,3.126648
2163,2.0271225
2164,1.1131634
2165,0.09544986
2166,-0.46804404
2167,0.31091684
2168,0.37629756
2169,0.12704182
2170,0.51924926
2171,-0.47562814
2172,-0.5332354
2173,-0.32622167
2174,0.80630904
2175,1.4333922
2176,1.8093289
2177,0.8399707
2178,0.42891338
2179,-0.5009215
2180,0.24618493
2181,0.12673461
2182,0.4904324
2183,0.15020224
2184,-0.6328718
2185,-0.77888036
2186,-0.50948215
2187,-0.34701443
2188,-0.22540882
2189,0.3583928
2190,-1.2192564
2191,-1.1655713
2192,-1.0245771
2193,-1.0679618
2194,-1.0414355
2195,-0.8883669
2196,-0.9380082
2197,-0.75121295
2198,-0.36695653
2199,-0.008635515
2200,-0.45127067
2201,-0.44155625
2202,0.4470322
2203,-0.278311
2204,0.09940901
2205,-0.679863
2206,-0.5729462
2207,0.45188865
2208,0.7462251
2209,0.27730066
2210,-0.556059
2211,-0.8217036
2212,-0.8460697
2213,-0.99505323
2214,-0.6592448
2215,-0.94191384
2216,-0.51693714
2217,-1.1825954
2218,-1.1873374
2219,-1.4042369
2220,-1.2856725
2221,1.8092618
2222,0.9144325
2223,1.1792594
2224,0.35291192
2225,-0.65362465
2226,-0.11640066
2227,0.18421043
2228,1.3382638
2229,0.6480918
2230,-0.25476503
2231,0.37208813
2232,-0.14049453
2233,-0.09157181
2234,1.2458092
2235,0.39584228
2236,1.444816
2237,2.3857877
2238,0.28871563
2239,-0.9014154
2240,-0.26470268
2241,-0.20923913
2242,-0.6176105
2243,-0.6803357
2244,-0.99167407
2245,-1.0120974
2246,-0.4050024
2247,-0.94520754
2248,-0.7115826
2249,-0.6976811
2250,-0.5693467
2251,-0.65166926
2252,-0.06767962
2253,-0.22087958
2254,0.037264183
2255,0.13039641
2256,0.028585218
2257,0.077857085
2258,-0.11445055
2259,-0.068257995
2260,-0.44230837
2261,-0.022314325
2262,0.31928617
2263,1.9730536
2264,3.2456088
2265,0.01642623
2266,1.4128572
2267,2.6848707
2268,2.4696658
2269,-0.34912628
2270,-0.03713438
2271,0.8599525
2272,0.2101065
2273,-0.24156614
2274,-0.07770837
2275,-0.22771336
2276,0.032276154
2277,-0.012639963
2278,-0.33282217
2279,-0.65483016
2280,-0.77575254
2281,-0.066632904
2282,0.048434246
2283,-0.9980665
2284,-0.9449608
2285,-0.39840838
2286,-0.64923966
2287,2.0799177
2288,0.82892495
2289,2.3852
2290,3.8098428
2291,1.8589073
2292,3.1448276
2293,4.0063763
2294,2.7296598
2295,3.4165766
2296,1.5479083
2297,1.7126923
2298,2.008029
2299,2.8613737
2300,1.8916682
2301,1.143816
2302,0.5947018
2303,0.6198811
2304,0.584077
2305,0.059965834
2306,0.06749379
2307,0.08515626
2308,0.3806945
2309,1.3568317
2310,0.5586401
2311,0.12859355
2312,-0.17986636
2313,-0.08484614
2314,-0.1716015
2315,-0.092323355
2316,0.015998697
2317,0.007403829
2318,-0.07042615
2319,-0.14117043
2320,0.050871477
2321,0.8865208
2322,-0.17530924
2323,0.07587984
2324,-0.108571194
2325,0.3811201
2326,-0.13303138
2327,0.48670268
2328,0.66203386
2329,0.021976445
2330,-0.090511076
2331,2.277192
2332,2.8505955
2333,1.5236171
2334,1.0173643
2335,0.9953138
2336,1.8431137
2337,0.2226505
2338,1.4527001
2339,0.5320651
2340,2.5677826
2341,0.32754797
2342,0.8829348
2343,0.44391018
2344,0.64854306
2345,0.5544464
2346,0.5880806
2347,0.21908078
2348,0.7232841
2349,-0.34764805
2350,1.3055551
2351,0.7160321
2352,0.7172134
2353,0.53927475
2354,-0.69635355
2355,-0.4072724
2356,-0.35222808
2357,0.079682484
2358,0.18432857
2359,-0.71410596
2360,-0.7707041
2361,-0.5600268
2362,1.2072769
2363,-0.51290184
2364,-0.2315758
2365,0.7877714
2366,0.05736792
2367,0.42552802
2368,0.38525334
2369,0.33300826
2370,-0.060664017
2371,-0.08039155
2372,-0.03702707
2373,1.1799697
2374,1.6071073
2375,1.0225196
2376,1.2229828
2377,2.1456983
2378,-0.53603274
2379,0.0004905588
2380,-0.4802362
2381,-0.27817437
2382,0.047048427
2383,0.34324473
2384,0.91621196
2385,-0.2755929
2386,-0.56919
2387,-0.5584163
2388,-0.9604598
2389,-0.62858003
2390,-0.55203515
2391,-0.5014065
2392,-0.803844
2393,-0.18107389
2394,-0.5054111
2395,0.20837775
2396,-0.41330308
2397,0.44220224
2398,-0.7752643
2399,-1.6085979
2400,-1.4941938
2401,-0.8402464
2402,-0.49200884
2403,-0.65775317
2404,-0.4287722
2405,-0.24919505
2406,-0.45652273
2407,-0.60504407
2408,-0.48322573
2409,-0.6688456
2410,-0.11825321
2411,-0.69885373
2412,-0.26386595
2413,-0.5348203
2414,-0.55057675
2415,-0.7663963
2416,-0.65749747
2417,-0.46402147
2418,-0.69152397
2419,-0.6738902
2420,-0.66768557
2421,-0.39477614
2422,-0.8001493
2423,-0.71534073
2424,-0.18639396
2425,0.07478217
2426,-0.67636997
2427,-0.5405988
2428,-0.10621443
2429,-0.75328314
2430,-0.68521154
2431,-0.9808234
2432,-0.49494138
2433,-0.45383897
2434,-0.5256495
2435,-0.44554594
2436,-0.83506036
2437,-0.8944619
2438,-0.7138178
2439,-0.96120745
2440,-0.7841386
2441,-1.0518352
2442,-1.0511298
2443,-0.83998835
2444,-0.671863
2445,-1.1881104
2446,-0.64417934
2447,0.246002
2448,-0.62746537
2449,-0.90881574
2450,-0.3070574
2451,-0.69270194
2452,0.12449336
2453,-1.0771818
2454,-0.7181942
2455,-0.9324293
2456,-0.47392106
2457,-0.7348186
2458,-0.8273125
2459,-0.92635584
2460,-0.49504334
2461,-0.7372374
2462,-0.4475019
2463,-0.74380785
2464,-0.04450028
2465,-0.68088657
2466,-0.8853474
2467,-0.18058357
2468,-1.2615782
2469,-1.3666549
2470,-0.16683656
2471,0.08853961
2472,0.013034592
2473,-0.7537946
2474,-1.0592121
2475,0.5896981
2476,-0.82789797
2477,-0.66588026
2478,-0.2534664
2479,-0.9355862
2480,-0.5154323
2481,-0.6954445
2482,-0.6113983
2483,-0.81223613
2484,-0.7614039
2485,-0.63125175
2486,-0.3300251
2487,-0.10137213
2488,-0.22676042
2489,-0.49030155
2490,-0.36079478
2491,-1.1988733
2492,0.07694188
2493,-0.57870924
2494,-0.27619565
2495,-1.1312121
2496,0.5352793
2497,-0.37551215
2498,-0.8311278
2499,-1.0001318
2500,-0.6260986
2501,-0.51492465
2502,-0.3793155
2503,-1.0270772
2504,0.09047662
2505,0.64008147
2506,0.8977776
2507,2.010156
2508,0.84786266
2509,0.45959505
2510,0.6548989
2511,-0.03917771
2512,0.41513422
2513,0.34089628
2514,0.54094243
2515,-0.40024093
2516,-0.23978297
2517,-0.54608935
2518,-0.38935024
2519,0.46937996
2520,0.3634865
2521,0.051866505
2522,0.50851977
2523,-0.6396206
2524,-0.592205
2525,-0.44063076
2526,-0.53207874
2527,-0.89687216
2528,-0.71972597
2529,-0.53658766
2530,-0.7904295
2531,0.51218903
2532,0.51577395
2533,0.27269176
2534,0.785882
2535,1.9423542
2536,0.68730634
2537,0.57574743
2538,-0.030632421
2539,0.1040746
2540,-0.13472535
2541,-0.03318207
2542,-0.32060227
2543,-0.6962958
2544,-0.65369517
2545,-0.6746526
2546,-0.53396255
2547,-0.5368058
2548,-0.24985193
2549,-0.24570988
2550,2.3513823
2551,-0.4706605
2552,-0.7087638
2553,-1.2710934
2554,-0.8370747
2555,-0.7233439
2556,-0.9929227
2557,-0.8401171
2558,-0.2969997
2559,-0.5764377
2560,-0.49696723
2561,-0.36351165
2562,-0.5538005
2563,-0.33346984
2564,0.017253969
2565,-0.6087424
2566,-0.2942588
2567,-0.5826183
2568,0.26091108
2569,0.090141155
2570,-0.6411942
2571,-0.05575361
2572,0.016019657
2573,0.7833109
2574,1.6056297
2575,-0.7232523
2576,-0.6859438
2577,-0.262804
2578,-1.1703619
2579,-1.1992836
2580,-0.66469795
2581,-0.6342513
2582,-0.80156565
2583,1.5060625
2584,-0.20532745
2585,0.03250637
2586,0.27144444
2587,0.2325969
2588,-0.2995958
2589,-0.42797825
2590,0.5614114
2591,0.46183696
2592,0.42343685
2593,1.0703901
2594,-0.014585268
2595,0.19784057
2596,2.156348
2597,-0.02546139
2598,1.1383581
2599,1.8670627
2600,-0.2743607
2601,-0.38566712
2602,-1.2301346
2603,-1.0611851
2604,-1.2063068
2605,-1.3116223
2606,-0.3959003
2607,-0.09659335
2608,0.4449574
2609,-0.15018474
2610,-0.805641
2611,-0.55509037
2612,-0.37342706
2613,-0.6134146
2614,-0.62717575
2615,-0.32626438
2616,-0.5332984
2617,0.04410754
2618,-0.0636426
2619,0.39882863
2620,0.086984545
2621,-0.040444914
2622,-0.010505875
2623,0.4249372
2624,1.1973327
2625,1.6124957
2626,-0.23269746
2627,-0.14213245
2628,3.2018104
2629,4.918682
2630,2.1278512
2631,3.7214458
2632,3.2355025
2633,1.8331505
2634,2.3948846
2635,-0.3189547
2636,0.047236707
2637,-0.090318196
2638,0.87326247
2639,0.09221556
2640,-0.40913668
2641,-0.95400125
2642,0.22394012
2643,-0.8226733
2644,-0.6816583
2645,-0.9830454
2646,-1.0663863
2647,-0.985883
2648,-0.52925044
2649,-0.44891962
2650,-0.43445015
2651,-0.43739393
2652,3.3283944
2653,0.7471349
2654,0.75181514
2655,2.0702107
2656,1.5785414
2657,2.057294
2658,1.2207094
2659,1.4177221
2660,1.9160469
2661,1.7104799
2662,1.4092053
2663,1.1549894
2664,1.2377416
2665,1.6485496
2666,1.4377663
2667,-0.18592228
2668,-0.06545125
2669,-0.119757906
2670,1.276556
2671,-0.027050588
2672,0.015169447
2673,0.37057212
2674,0.2659355
2675,-0.061112646
2676,0.014390481
2677,0.12361825
2678,1.017108
2679,1.2393175
2680,1.1426477
2681,3.1638489
2682,1.946136
2683,4.1037803
2684,1.6579385
2685,2.2898295
2686,1.0830427
2687,2.1156144
2688,0.5285889
2689,0.5422657
2690,3.4710748
2691,0.1360628
2692,-0.715251
2693,0.12932535
2694,-0.7370325
2695,0.06812394
2696,-0.018411793
2697,0.075987056
2698,0.16275932
2699,-0.06131243
2700,-0.21127558
2701,-0.45268476
2702,-0.7833096
2703,-0.42124394
2704,-0.49481642
2705,-0.65503234
2706,-0.71988124
2707,-0.63606
2708,-0.5137536
2709,-0.7205762
2710,-0.6832231
2711,1.3652726
2712,2.3936656
2713,0.042122733
2714,-0.3088809
2715,-0.09285179
2716,-0.27149957
2717,0.042792685
2718,0.6301726
2719,-0.31863314
2720,-0.27418736
2721,-0.52752644
2722,-0.35769328
2723,-0.4200755
2724,-0.63017166
2725,-0.5700189
2726,-0.46393707
2727,0.16023356
2728,-0.12343753
2729,-0.452534
2730,-0.46702933
2731,-0.69811654
2732,-0.7507643
2733,-0.29629222
2734,-0.497867
2735,-0.5531711
2736,-0.4702105
2737,-0.7143768
2738,-0.66029197
2739,-0.2931244
2740,-0.46844935
2741,-0.39895996
2742,-0.31495547
2743,-0.3536466
2744,-0.33973604
2745,-0.46070445
2746,-0.5185681
2747,-0.21244729
2748,-0.68349737
2749,-0.6500607
2750,-0.53198373
2751,-0.5489329
2752,0.23023885
2753,-0.24854411
2754,0.28873795
2755,-0.76751125
2756,-1.026933
2757,-1.143142
2758,-1.1755707
2759,-0.3068685
2760,-0.62524736
2761,-0.5120338
2762,-0.40213558
2763,0.14882642
2764,-0.17281298
2765,1.0987215
2766,-0.45687586
2767,-1.1527401
2768,-0.6691228
2769,-0.7759592
2770,-0.37333792
2771,-0.78306276
2772,-0.7080247
2773,-0.27966017
2774,-0.50192267
2775,-0.61814344
2776,-0.41875875
2777,-0.48755723
2778,-0.6927963
2779,-0.7033319
2780,-0.9460734
2781,-1.0705937
2782,-1.0542408
2783,-0.9018774
2784,-0.69899714
2785,-0.6425343
2786,-1.2803677
2787,-0.76159275
2788,-1.3088539
2789,0.23598476
2790,-1.0961962
2791,-0.7601376
2792,-1.5230094
2793,-0.023393326
2794,-1.0857569
2795,-0.74639994
2796,-0.9990543
2797,0.45865196
2798,-0.6186288
2799,-0.77305806
2800,-1.3542715
2801,-0.8743749
2802,-0.53062934
2803,-0.4334009
2804,-0.51376337
2805,-1.1282994
2806,-1.2553748
2807,-0.41999272
2808,-0.4021018
2809,-0.6496469
2810,-0.49306422
2811,-0.278475
2812,-0.446883
2813,-0.42388597
2814,-0.32505187
2815,-0.8774367
2816,1.1923171
2817,-0.3689
2818,-0.63409865
2819,-0.0576224
2820,-0.6691115
2821,-0.9796754
2822,0.2885541
2823,0.80720526
2824,-0.05062546
2825,-0.36926964
2826,-0.72437894
2827,-0.5164607
2828,0.3138886
2829,0.019646749
2830,0.41811678
2831,0.02147049
2832,0.5543041
2833,1.7029076
2834,0.3414096
2835,0.46046922
2836,0.12490276
2837,-0.2599736
2838,-0.45236158
2839,-0.027125597
2840,0.18103066
2841,0.35994858
2842,0.58344495
2843,-0.5033118
2844,-0.40654787
2845,-0.749378
2846,0.39447525
2847,0.18103358
2848,0.5198267
2849,0.2894749
2850,1.123107
2851,0.80775976
2852,0.50666773
2853,0.75506276
2854,-0.47676268
2855,0.26809907
2856,0.3460867
2857,0.090972774
2858,0.23393822
2859,-0.63431436
2860,-0.7244082
2861,-0.7377884
2862,0.15594704
2863,-0.7355128
2864,0.92832285
2865,-0.42374817
2866,-0.6039366
2867,-1.0638634
2868,-0.9854476
2869,-0.8499529
2870,-0.51617193
2871,-1.0478215
2872,-1.5816475
2873,-0.9884131
2874,-0.48625427
2875,-0.7581553
2876,-0.3265203
2877,-0.47225353
2878,-0.04361689
2879,-0.45697147
2880,-0.9986737
2881,-0.35065335
2882,-0.06996067
2883,-0.017616574
2884,0.066045314
2885,0.31842563
2886,0.3747323
2887,-1.0474986
2888,-0.7036141
2889,-1.5426075
2890,-1.2300093
2891,-0.63228196
2892,-1.4181094
2893,-0.98446923
2894,-1.5476701
2895,1.8859626
2896,1.2291197
2897,0.35117948
2898,-0.3317184
2899,0.5538492
2900,-0.32186773
2901,0.2397091
2902,0.031604655
2903,2.1425817
2904,2.1689112
2905,-0.9318609
2906,0.16913213
2907,-0.78093296
2908,-0.59381324
2909,-0.51597255
2910,-1.256415
2911,-1.2387661
2912,-0.40945664
2913,-1.204459
2914,-1.3177171
2915,-1.2480685
2916,-1.2332792
2917,-0.2455074
2918,-0.84105796
2919,0.47406092
